X,Y values are rounded to 5 decimal places
X Locations:  [-27.18064 -27.18045 -27.17647 -27.17631 -27.1728  -27.17266 -27.16969
 -27.16957 -27.1672  -27.16711 -27.16537 -27.16531 -27.16425 -27.16422
 -27.16387 -23.21838 -23.21822 -23.21467 -23.21452 -23.21139 -23.21126
 -23.20861 -23.2085  -23.20638 -23.2063  -23.20474 -23.20469 -23.20374
 -23.20372 -23.2034  -19.25767 -19.25752 -19.25447 -19.25434 -19.25164
 -19.25153 -19.24924 -19.24915 -19.24732 -19.24725 -19.2459  -19.24586
 -19.24504 -19.24502 -19.24474 -15.2983  -15.29819 -15.29568 -15.29558
 -15.29337 -15.29328 -15.2914  -15.29132 -15.28981 -15.28976 -15.28865
 -15.28861 -15.28794 -15.28792 -15.2877  -11.34007 -11.33999 -11.33808
 -11.33801 -11.33632 -11.33625 -11.33482 -11.33477 -11.33362 -11.33358
 -11.33274 -11.33271 -11.3322  -11.33218 -11.33201  -7.38272  -7.38266
  -7.3814   -7.38135  -7.38023  -7.38019  -7.37924  -7.3792   -7.37844
  -7.37841  -7.37786  -7.37784  -7.3775   -7.37749  -7.37737  -3.42595
  -3.42592  -3.42533  -3.42531  -3.42479  -3.42476  -3.42432  -3.4243
  -3.42394  -3.42393  -3.42367  -3.42366  -3.42351  -3.4235   -3.42345
   0.53015   0.53016   0.53019   0.53023   0.53029   0.53036   0.53044
   0.53045   0.53054   4.48381   4.48388   4.48408   4.4841    4.48444
   4.48446   4.48492   4.48495   4.48553   4.48555   4.48624   4.48627
   4.48704   4.48708   8.43788   8.43801   8.43803   8.43841   8.43843
   8.43907   8.4391    8.43997   8.44001   8.44109   8.44114   8.44241
   8.44247   8.44391   8.44397  12.39277  12.39296  12.39297  12.39353
  12.39356  12.39447  12.39452  12.39577  12.39583  12.39738  12.39746
  12.39929  12.39937  12.40144  12.40154  16.34879  16.34903  16.34905
  16.34977  16.34981  16.35098  16.35104  16.35264  16.35272  16.35471
  16.35481  16.35715  16.35726  16.35992  16.36005  20.30625  20.30653
  20.30656  20.30741  20.30746  20.30886  20.30894  20.31085  20.31095
  20.31334  20.31346  20.31628  20.31641  20.3196   20.31975  24.26537
  24.2657   24.26573  24.26671  24.26676  24.26837  24.26845  24.27065
  24.27076  24.2735   24.27363  24.27687  24.27702  24.2807   24.28086
  28.22636  28.22672  28.22675  28.22784  28.2279   28.22968  28.22977
  28.23221  28.23233  28.23537  28.23552  28.23912  28.23929  28.24337
  28.24356]
****************************************************************************************************
Y locations:  [-27.62955 -27.62836 -27.62529 -27.62422 -27.62151 -27.62059 -27.6183
 -27.61754 -27.61571 -27.61512 -27.61378 -27.61339 -27.61257 -27.61237
 -27.6121  -23.66705 -23.66599 -23.66324 -23.66229 -23.65986 -23.65904
 -23.65698 -23.6563  -23.65465 -23.65413 -23.65292 -23.65257 -23.65183
 -23.65165 -23.65141 -19.70611 -19.70519 -19.70281 -19.70199 -19.69989
 -19.69917 -19.69739 -19.6968  -19.69537 -19.69491 -19.69387 -19.69356
 -19.69292 -19.69277 -19.69255 -15.74654 -15.74578 -15.74382 -15.74314
 -15.7414  -15.74081 -15.73934 -15.73885 -15.73767 -15.73729 -15.73643
 -15.73617 -15.73565 -15.73552 -15.73534 -11.78812 -11.78754 -11.78603
 -11.78551 -11.78417 -11.78372 -11.78259 -11.78221 -11.7813  -11.78101
 -11.78035 -11.78015 -11.77975 -11.77965 -11.77951  -7.8306   -7.83021
  -7.82919  -7.82883  -7.82793  -7.82762  -7.82686  -7.8266   -7.82599
  -7.82579  -7.82534  -7.82521  -7.82493  -7.82486  -7.82477  -3.87369
  -3.8735   -3.87299  -3.87281  -3.87236  -3.87221  -3.87182  -3.8717
  -3.87139  -3.87129  -3.87106  -3.871    -3.87086  -3.87083  -3.87078
   0.08284   0.08285   0.08286   0.08287   0.08288   0.08289   0.0829
   4.03647   4.03651   4.03655   4.03669   4.03676   4.03699   4.03709
   4.03741   4.03755   4.03795   4.03811   4.03858   4.03876   4.03929
   4.0395    7.99048   7.99057   7.99064   7.99092   7.99106   7.99152
   7.99172   7.99234   7.9926    7.99339   7.9937    7.99462   7.99498
   7.99602   7.99642  11.94525  11.94539  11.94549  11.9459   11.9461
  11.94678  11.94707  11.94799  11.94837  11.94952  11.94998  11.95133
  11.95186  11.95339  11.95397  15.90114  15.90131  15.90144  15.90198
  15.90223  15.90311  15.90349  15.90468  15.90517  15.90666  15.90725
  15.90901  15.90969  15.91167  15.91244  19.85842  19.85863  19.85879
  19.85943  19.85974  19.86079  19.86125  19.86269  19.86328  19.86508
  19.8658   19.86791  19.86874  19.87114  19.87206  23.81734  23.81759
  23.81777  23.81851  23.81886  23.82007  23.8206   23.82226  23.82294
  23.82501  23.82584  23.82828  23.82924  23.832    23.83307  27.77811
  27.77839  27.77859  27.7794   27.7798   27.78115  27.78173  27.78358
  27.78434  27.78664  27.78756  27.79028  27.79135  27.79444  27.79563]
